T/T_C	Del/Del_0
0.0493912578878	1.0
0.283938727601	0.9980002
0.316142956456	0.9960004
0.338289024331	0.9940006
0.355783368328	0.9920008
0.370507287666	0.990001
0.383361380841	0.9880012
0.394853941724	0.9860014
0.405302960846	0.9840016
0.414921999267	0.9820018
0.423862161478	0.980002
0.43223471754	0.9780022
0.440124238967	0.9760024
0.447596678778	0.9740026
0.454704578929	0.9720028
0.461490550156	0.970003
0.467989690408	0.9680032
0.474231287337	0.9660034
0.480240067887	0.9640036
0.486037121422	0.9620038
0.491640597865	0.960004
0.497066244788	0.9580042
0.502327822011	0.9560044
0.507437432533	0.9540046
0.512405790506	0.9520048
0.51724242135	0.950005
0.521955848407	0.9480052
0.526553723855	0.9460054
0.531042948915	0.9440056
0.535429775454	0.9420058
0.539719884734	0.940006
0.543918455918	0.9380062
0.548030226811	0.9360064
0.552059544009	0.9340066
0.55601040607	0.9320068
0.559886500859	0.930007
0.563691237973	0.9280072
0.567427777042	0.9260074
0.571099052489	0.9240076
0.574707794339	0.9220078
0.578256546964	0.920008
0.581747688543	0.9180082
0.585183444988	0.9160084
0.588565901462	0.9140086
0.591897012964	0.9120088
0.595178621752	0.910009
0.598412460441	0.9080092
0.601600159801	0.9060094
0.604743265008	0.9040096
0.607843229792	0.9020098
0.610901435973	0.90001
0.613919187753	0.8980102
0.616897725989	0.8960104
0.619838225252	0.8940106
0.622741805731	0.8920108
0.625609528342	0.890011
0.628442409137	0.8880112
0.631241410186	0.8860114
0.63400745499	0.8840116
0.636741421813	0.8820118
0.639444149306	0.880012
0.642116443487	0.8780122
0.644759071545	0.8760124
0.647372768905	0.8740126
0.649958243421	0.8720128
0.65251617087	0.870013
0.655047199649	0.8680132
0.657551954401	0.8660134
0.660031035113	0.8640136
0.66248501724	0.8620138
0.664914454608	0.860014
0.667319880997	0.8580142
0.669701811358	0.8560144
0.672060740623	0.8540146
0.674397146023	0.8520148
0.676711488021	0.850015
0.679004211104	0.8480152
0.681275744865	0.8460154
0.683526504399	0.8440156
0.685756890396	0.8420158
0.687967290337	0.840016
0.690158079086	0.8380162
0.692329619447	0.8360164
0.694482262691	0.8340166
0.696616349053	0.8320168
0.698732208209	0.830017
0.700830159713	0.8280172
0.70291051343	0.8260174
0.704973569931	0.8240176
0.707019620879	0.8220178
0.709048949387	0.820018
0.71106183036	0.8180182
0.71305853082	0.8160184
0.715039310224	0.8140186
0.717004420762	0.8120188
0.718954107618	0.810019
0.720888609254	0.8080192
0.72280815766	0.8060194
0.724712978595	0.8040196
0.726603291822	0.8020198
0.728479311322	0.80002
0.730341245511	0.7980202
0.732189297437	0.7960204
0.734023664973	0.7940206
0.735844540996	0.7920208
0.737652113569	0.790021
0.739446566102	0.7880212
0.741228077514	0.7860214
0.742996822381	0.7840216
0.744752970829	0.7820218
0.746496688988	0.780022
0.748228139231	0.7780222
0.74994748014	0.7760224
0.75165486663	0.7740226
0.753350450073	0.7720228
0.755034378397	0.770023
0.756706795882	0.7680232
0.758367843505	0.7660234
0.760017659508	0.7640236
0.761656379046	0.7620238
0.76328413441	0.760024
0.764901054959	0.7580242
0.766507266696	0.7560244
0.768102893386	0.7540246
0.769688056366	0.7520248
0.771262874477	0.750025
0.772827463997	0.7480252
0.774381938101	0.7460254
0.775926408298	0.7440256
0.777460984024	0.7420258
0.778985772528	0.740026
0.780500878222	0.7380262
0.782006403625	0.7360264
0.783502449788	0.7340266
0.784989115803	0.7320268
0.786466498091	0.730027
0.787934691392	0.7280272
0.789393789246	0.7260274
0.790843883359	0.7240276
0.792285062749	0.7220278
0.793717415492	0.720028
0.795141028379	0.7180282
0.796555986129	0.7160284
0.797962371385	0.7140286
0.799360266286	0.7120288
0.800749751381	0.710029
0.80213090474	0.7080292
0.803503804007	0.7060294
0.804868525662	0.7040296
0.806225143773	0.7020298
0.807573731774	0.70003
0.808914362293	0.6980302
0.810247105663	0.6960304
0.811572031503	0.6940306
0.812889208821	0.6920308
0.814198704371	0.690031
0.815500584364	0.6880312
0.816794914382	0.6860314
0.818081757771	0.6840316
0.819361177689	0.6820318
0.820633236416	0.680032
0.821897994166	0.6780322
0.823155511304	0.6760324
0.824405846827	0.6740326
0.825649058257	0.6720328
0.82688520328	0.670033
0.828114337604	0.6680332
0.829336516605	0.6660334
0.830551795076	0.6640336
0.83176022599	0.6620338
0.832961862644	0.660034
0.834156756685	0.6580342
0.835344959221	0.6560344
0.836526521001	0.6540346
0.837701491078	0.6520348
0.838869918852	0.650035
0.840031852067	0.6480352
0.841187338284	0.6460354
0.842336424383	0.6440356
0.843479156015	0.6420358
0.844615579023	0.640036
0.845745737596	0.6380362
0.846869676227	0.6360364
0.847987438011	0.6340366
0.849099065896	0.6320368
0.850204602107	0.630037
0.851304088031	0.6280372
0.852397564977	0.6260374
0.853485072986	0.6240376
0.854566652327	0.6220378
0.855642341891	0.620038
0.856712180828	0.6180382
0.857776207013	0.6160384
0.858834458449	0.6140386
0.859886972079	0.6120388
0.860933784774	0.610039
0.861974932591	0.6080392
0.863010451309	0.6060394
0.864040376119	0.6040396
0.865064741768	0.6020398
0.866083582586	0.60004
0.867096932352	0.5980402
0.868104824535	0.5960404
0.869107292012	0.5940406
0.870104367392	0.5920408
0.871096082703	0.590041
0.872082469707	0.5880412
0.873063559628	0.5860414
0.874039383394	0.5840416
0.875009971467	0.5820418
0.875975353955	0.580042
0.876935560594	0.5780422
0.877890620694	0.5760424
0.878840563291	0.5740426
0.879785416927	0.5720428
0.880725209949	0.570043
0.881659970173	0.5680432
0.882589725263	0.5660434
0.883514502348	0.5640436
0.884434328414	0.5620438
0.885349229944	0.560044
0.886259233249	0.5580442
0.887164364201	0.5560444
0.888064648446	0.5540446
0.888960111273	0.5520448
0.889850777682	0.550045
0.890736672387	0.5480452
0.891617819781	0.5460454
0.892494243996	0.5440456
0.893365968869	0.5420458
0.894233017944	0.540046
0.895095414514	0.5380462
0.895953181575	0.5360464
0.896806341867	0.5340466
0.897654917887	0.5320468
0.898498931808	0.530047
0.899338405649	0.5280472
0.900173361053	0.5260474
0.901003819532	0.5240476
0.901829802281	0.5220478
0.902651330249	0.520048
0.903468424245	0.5180482
0.904281105337	0.5160484
0.905089391883	0.5140486
0.905893305875	0.5120488
0.906692866458	0.510049
0.907488093314	0.5080492
0.908279005687	0.5060494
0.90906560071	0.5040496
0.909847963741	0.5020498
0.910626047025	0.50005
0.91139989138	0.4980502
0.912169514968	0.4960504
0.912934936048	0.4940506
0.913696172547	0.4920508
0.914453242095	0.490051
0.91520616242	0.4880512
0.91595495071	0.4860514
0.916699624189	0.4840516
0.917440199959	0.4820518
0.91817669461	0.480052
0.918909124927	0.4780522
0.919637507354	0.4760524
0.920361858008	0.4740526
0.921082193198	0.4720528
0.921798528709	0.470053
0.922510880271	0.4680532
0.92321926367	0.4660534
0.923923694112	0.4640536
0.924624186926	0.4620538
0.92532075738	0.460054
0.926013420164	0.4580542
0.926702190171	0.4560544
0.927387082232	0.4540546
0.928068110497	0.4520548
0.928745289482	0.450055
0.929418633479	0.4480552
0.930088156253	0.4460554
0.930753871874	0.4440556
0.931415794195	0.4420558
0.932073936544	0.440056
0.932728312568	0.4380562
0.933378935717	0.4360564
0.934025818892	0.4340566
0.934668975315	0.4320568
0.935308418065	0.430057
0.935944159637	0.4280572
0.936576212821	0.4260574
0.937204590346	0.4240576
0.937829304338	0.4220578
0.938450367139	0.420058
0.939067791126	0.4180582
0.939681588143	0.4160584
0.940291770034	0.4140586
0.940898348814	0.4120588
0.941501336143	0.410059
0.942100743334	0.4080592
0.942696582036	0.4060594
0.943288863713	0.4040596
0.943877599262	0.4020598
0.944462799901	0.40006
0.945044476832	0.3980602
0.945622640751	0.3960604
0.946197302331	0.3940606
0.946768472445	0.3920608
0.947336161742	0.390061
0.947900380358	0.3880612
0.948461138784	0.3860614
0.949018447472	0.3840616
0.949572316403	0.3820618
0.950122755489	0.380062
0.950669774872	0.3780622
0.951213384544	0.3760624
0.951753593943	0.3740626
0.952290412781	0.3720628
0.952823850806	0.370063
0.953353917523	0.3680632
0.953880621997	0.3660634
0.954403973649	0.3640636
0.954923981846	0.3620638
0.955440655627	0.360064
0.955954003756	0.3580642
0.956464035317	0.3560644
0.956970759311	0.3540646
0.95747418437	0.3520648
0.957974318952	0.350065
0.958471171793	0.3480652
0.958964751543	0.3460654
0.9594550665	0.3440656
0.95994212478	0.3420658
0.960425934776	0.340066
0.960906504799	0.3380662
0.961383842884	0.3360664
0.961857956771	0.3340666
0.962328854513	0.3320668
0.962796544096	0.330067
0.963261033333	0.3280672
0.963722329607	0.3260674
0.964180440608	0.3240676
0.964635374006	0.3220678
0.965087137385	0.320068
0.965535737888	0.3180682
0.96598118277	0.3160684
0.966423479395	0.3140686
0.966862635059	0.3120688
0.967298656852	0.310069
0.967731551526	0.3080692
0.968161326126	0.3060694
0.968587987656	0.3040696
0.969011543047	0.3020698
0.969431998885	0.30007
0.969849361708	0.2980702
0.97026363824	0.2960704
0.970674835132	0.2940706
0.971082958961	0.2920708
0.971488015912	0.290071
0.971890012276	0.2880712
0.972288954436	0.2860714
0.972684848711	0.2840716
0.973077701345	0.2820718
0.973467518213	0.280072
0.973854305285	0.2780722
0.974238068622	0.2760724
0.974618814219	0.2740726
0.974996548012	0.2720728
0.975371275652	0.270073
0.97574300272	0.2680732
0.976111734966	0.2660734
0.976477478077	0.2640736
0.976840237681	0.2620738
0.97720001928	0.260074
0.977556828068	0.2580742
0.977910669455	0.2560744
0.978261548831	0.2540746
0.978609471529	0.2520748
0.978954442822	0.250075
0.979296467783	0.2480752
0.979635551332	0.2460754
0.979971698571	0.2440756
0.980304914549	0.2420758
0.980635204258	0.240076
0.980962572635	0.2380762
0.981287024423	0.2360764
0.981608564234	0.2340766
0.981927196842	0.2320768
0.982242926969	0.230077
0.98255575928	0.2280772
0.98286569839	0.2260774
0.983172748808	0.2240776
0.983476914803	0.2220778
0.9837782008	0.220078
0.98407661121	0.2180782
0.984372150386	0.2160784
0.984664822633	0.2140786
0.984954632203	0.2120788
0.985241583197	0.210079
0.985525679585	0.2080792
0.985806925469	0.2060794
0.986085324906	0.2040796
0.986360881903	0.2020798
0.986633600417	0.20008
0.986903484356	0.1980802
0.987170537528	0.1960804
0.987434763562	0.1940806
0.987696166209	0.1920808
0.98795474919	0.190081
0.988210516179	0.1880812
0.988463470801	0.1860814
0.988713616636	0.1840816
0.988960957217	0.1820818
0.989205495953	0.180082
0.989447236149	0.1780822
0.989686181201	0.1760824
0.989922334464	0.1740826
0.990155699247	0.1720828
0.990386278814	0.170083
0.990614076383	0.1680832
0.990839095128	0.1660834
0.991061338173	0.1640836
0.991280808479	0.1620838
0.991497509044	0.160084
0.991711442873	0.1580842
0.991922612926	0.1560844
0.99213102212	0.1540846
0.99233667333	0.1520848
0.992539569387	0.150085
0.99273971308	0.1480852
0.992937107157	0.1460854
0.99313175429	0.1440856
0.993323657041	0.1420858
0.993512818029	0.140086
0.99369923984	0.1380862
0.993882925016	0.1360864
0.994063876061	0.1340866
0.994242095436	0.1320868
0.994417585564	0.130087
0.994590348824	0.1280872
0.994760387557	0.1260874
0.994927704063	0.1240876
0.995092300588	0.1220878
0.995254179279	0.120088
0.995413342311	0.1180882
0.995569791831	0.1160884
0.995723529946	0.1140886
0.995874558723	0.1120888
0.99602288019	0.110089
0.996168496339	0.1080892
0.99631140912	0.1060894
0.996451620446	0.1040896
0.996589132192	0.1020898
0.996723946195	0.10009
0.996856064251	0.0980902
0.996985488123	0.0960904
0.997112219504	0.0940906
0.997236260037	0.0920908
0.997357611374	0.090091
0.99747627513	0.0880912
0.997592252881	0.0860914
0.997705546168	0.0840916
0.997816156493	0.0820918
0.997924085323	0.080092
0.998029334086	0.0780922
0.998131904176	0.0760924
0.998231796948	0.0740926
0.998329013721	0.0720928
0.998423555779	0.070093
0.998515424369	0.0680932
0.9986046207	0.0660934
0.998691145947	0.0640936
0.99877500125	0.0620938
0.998856187709	0.060094
0.998934706393	0.0580942
0.999010558331	0.0560944
0.99908374452	0.0540946
0.99915426592	0.0520948
0.999222123453	0.050095
0.99928731801	0.0480952
0.999349850443	0.0460954
0.999409721572	0.0440956
0.999466932178	0.0420958
0.99952148301	0.040096
0.99957337478	0.0380962
0.999622608167	0.0360964
0.999669183812	0.0340966
0.999713102323	0.0320968
0.999754364274	0.030097
0.999792970202	0.0280972
0.999828920611	0.0260974
0.999862215969	0.0240976
0.99989285671	0.0220978
0.999920843232	0.020098
0.9999461759	0.0180982
0.999968855044	0.0160984
0.99998888096	0.0140986
1.00000624762	0.0120988
1.00002095287	0.010099
1.0000330081	0.0080992
1.00004241357	0.0060994
1.00004916946	0.0040996
1.00005327594	0.0020998
1.00005473307	0.0001
